tread
(14 43 15 7 (28 (((36 (20 23 (11 33) 44 13 40 42)) 8) (((((2 41 35) 39) 16 14) (19 6 (30 (25 26 31)) 5) 22) 9) 46 (45 ((29 ((24 34) 37 18) 27 47) ((10 49) 12 17 38 3) 32)))) (21 48))*
(1 38 17 12 (32 (29 ((24 34) 37 18) 27 47) (45 (((36 (20 23 (11 33) 44 13 40 42)) 8) 46 (((((2 41 35) 39) 16 14) (19 6 (30 (25 26 31)) 5) 22) 9) (28 ((21 48) 7 15 43 4))))) 3 (10 49))*(1 4 43 15 7 (28 (((36 (20 23 (11 33) 44 13 40 42)) 8) ((((39 (35 41 2)) 16 14) (((30 (25 26 31)) 5 19) 6) 22) 9) 46 (45 ((29 ((24 34) 37 18) 27 47) ((10 49) 12 17 38 3) 32)))) (21 48))*
(1 4 43 15 7 (28 (((36 (20 23 (11 33) 44 13 40 42)) 8) (((19 6 ((30 (25 26 31)) 5)) 22 ((39 (35 41 2)) 16 14)) 9) 46 (45 ((29 ((24 34) 37 18) 27 47) ((10 49) 12 17 38 3) 32)))) (21 48))*
(1 12 43 15 7 ((((((30 (25 26 31)) 6 19 5) 22 ((39 (35 41 2)) 16 14)) 9) 46 (45 ((29 ((24 34) 37 18) 27 47) 32 ((49 10) 17 38 3))) ((36 ((33 11) 23 44 13 40 42 20)) 8)) 28) (21 48) 4)*
(1 4 43 15 7 (28 (((((30 (25 26 31)) 6 19 5) 22 ((39 (35 41 2)) 16 14)) 9) 46 (45 ((29 ((24 34) 37 18) 27 47) 32 ((49 10) 12 17 38 3))) ((36 ((11 13 33) 23 44 40 42 20)) 8))) (21 48))*
(1 4 43 15 7 (28 (((((30 (25 26 31)) 6 19 5) 22 ((39 (35 41 2)) 16 14)) 9) 46 (45 ((29 ((24 34) 37 18) 27 47) 32 ((49 10) 12 17 38 3))) ((36 (20 23 13 11 33 44 40 42)) 8))) (21 48))*(1 4 43 (21 48) 7 (28 (((((30 (25 26 31)) 6 19 5) (16 (39 (35 41 2)) 14) 22) 9) 46 (45 ((29 ((24 34) 37 18) 27 47) 32 (3 12 17 38 15 (49 10)))) ((36 ((33 11) 23 44 13 40 42 20)) 8))))*
(1 4 43 15 (21 48) 7 (28 (((((30 5 ((25 26 31) 19)) 6) (14 (39 (35 41 2)) 16) 22) 9) 46 (45 ((29 (37 (24 34) 18) 27 47) ((49 10) 12 17 38 3) 32)) ((36 ((33 11) 23 44 13 40 42 20)) 8))))*(1 4 43 15 7 (28 ((((14 ((35 41 2) 22 39) 16) ((30 (25 26 31)) 6 19 5)) 9) 46 (45 ((29 (37 (24 34) 18) 27 47) ((49 10) 12 17 38 3) 32)) ((36 ((33 11) 23 44 13 40 20 42)) 8))) (48 21))*
(1 38 12 3 ((9 (24 22 ((41 2 35) 39))) (4 43 7 (48 21)) (46 ((((11 33) 23 13 42 40 20 44) 36) 8) (((14 16) (6 (((27 47 29) 30 (25 26 31)) 5 19))) 34) ((45 32) 28))) (18 37) 17 15 (49 10))*
(4 1 7 43 ((9 (24 22 ((41 2 35) 39))) ((49 10) 3 12 38 (18 37) 17 15) (46 ((((11 33) 23 13 42 40 20 44) 36) 8) (((14 16) (6 (((27 47 29) 30 (25 26 31)) 5 19))) 34) ((45 32) 28))) (48 21))*
(1 ((49 10) 3 12 38 (18 37) 17 15) (4 43 7 (48 21)) (46 ((((11 33) 23 13 42 40 20 44) 36) 8) (((14 16) (6 (((27 47 29) 30 (25 26 31)) 5 19))) 34) ((45 32) 28)) (9 (24 22 ((41 2 35) 39))))*
(1 (4 43 7 (48 21)) (46 ((((11 33) 23 13 42 40 20 44) 36) 8) (((14 16) (6 (((27 47 29) 30 (25 26 31)) 5 19))) 34) ((45 32) 28)) (9 (24 22 ((41 2 35) 39))) 3 12 38 (18 37) 17 15 (49 10))*
((9 (24 22 ((41 2 35) 39))) 1 43 7 (48 21) 4 ((49 10) 3 12 38 (18 37) 17 15) (46 ((((11 33) 23 13 42 40 20 44) 36) 8) (((14 16) (6 (((27 47 29) 30 (25 26 31)) 5 19))) 34) ((45 32) 28)))*
(1 (18 37) 38 12 3 (((48 21) 43 7 4) (46 ((((11 33) 23 13 42 40 20 44) 36) 8) (((14 16) (19 6 5 ((27 47 29) 30 (25 26 31)))) 34) ((45 32) 28)) (9 (24 22 ((41 2 35) 39)))) 17 15 (49 10))*
((49 10) 1 (18 37) 38 3 ((4 43 7 12 (48 21)) (46 ((((((27 47 29) 30 (25 26 31)) 5 19) 6) (14 16)) 34) ((((33 11) 23 13 42 40 20 44) 36) 8) ((45 32) 28)) ((24 22 ((41 2 35) 39)) 9)) 17 15)*
((49 10) 1 (18 37) 38 3 (((48 21) 43 7 4) 12 ((24 22 ((41 2 35) 39)) 9) (46 ((((((27 47 29) 30 (25 26 31)) 5 19) 6) (14 16)) 34) ((((33 11) 23 13 42 40 20 44) 36) 8) ((45 32) 28))) 17 15)*
(1 (18 37) 38 3 ((48 21) (46 ((((((27 47 29) 30 (25 26 31)) 5 19) 6) (14 16)) 34) ((((33 11) 23 13 42 40 20 44) 36) 8) ((45 32) 28)) ((24 22 ((41 2 35) 39)) 9) 12 43 7 4) 17 15 (49 10))*
(1 (18 37) 38 12 3 (((48 21) 43 7 4) (46 ((((((27 47 29) 30 (25 26 31)) 5 19) 6) (14 16)) 34) ((((11 13 33) 23 42 40 20 44) 36) 8) ((45 32) 28)) ((24 22 ((41 2 35) 39)) 9)) 17 15 (49 10))*
((37 (34 24 (21 48)) 18) 1 15 3 12 38 17 (4 43 ((32 45) 28 (46 (9 ((6 (5 30 (47 29 27) (19 (25 31 26)))) (((2 41 35) 39) 16 14) 22)) (8 ((44 13 33 11 (40 42 23 20)) 36)))) 7) (10 49))*
(4 1 43 ((32 45) 28 (46 (9 ((6 (5 30 (47 29 27) (19 (25 31 26)))) (((2 41 35) 39) 16 14) 22)) (8 ((44 13 33 11 (40 42 23 20)) 36)))) 7 ((10 49) 17 38 12 15 3 (37 (34 24 (21 48)) 18)))*
((10 49) 1 43 ((32 45) 28 (46 (9 ((6 (5 30 (47 29 27) (19 (25 31 26)))) (((2 41 35) 39) 16 14) 22)) (8 ((44 13 33 11 (40 42 23 20)) 36)))) 7 4 17 38 12 15 3 (37 (34 24 (21 48)) 18))*
(15 1 12 38 17 (((32 45) 28 (46 (9 ((6 (((47 29 27) 30) 5 (19 (25 31 26)))) (((35 2 41) 39) 16 14) 22)) (8 ((44 13 33 11 (40 42 23 20)) 36)))) 4 7 43) (10 49) (37 (34 24 (21 48)) 18) 3)*
(15 1 12 38 17 ((4 7 43 ((32 45) 28 ((((44 13 33 11 (40 42 23 20)) 36) 8) ((((47 29 27) 5 (19 (25 31 26)) 30) 6) (((35 2 41) 39) 16 14) 22) 46))) 9) (10 49) (37 (34 24 (21 48)) 18) 3)*
(15 1 12 38 17 (4 7 43 ((32 45) 28 ((((44 13 11 33 42 23 20 40) 36) 8) (((((47 29 27) 5 (19 (25 31 26)) 30) 6) (((35 2 41) 39) 16 14) 22) 9) 46))) (49 10) (37 (34 24 (21 48)) 18) 3)*
(15 1 38 17 (((32 45) 28 (((36 (44 13 33 11 (40 42 23 20))) 8) (((((47 29 27) 5 (19 (25 31 26)) 30) 6) (((35 2 41) 39) 16 14) 22) 9) 46)) 12 4 7 43) (49 10) (37 (34 24 (21 48)) 18) 3)*
(15 1 12 38 17 (4 7 43 ((32 45) 28 (((36 ((40 13 23 42 20) 44 33 11)) 8) (((((47 29 27) 5 (19 (25 31 26)) 30) 6) (((35 2 41) 39) 16 14) 22) 9) 46))) (49 10) (37 (34 24 (21 48)) 18) 3)*
(3 1 12 38 17 (((32 45) 28 (((36 ((40 42 23 20) 44 13 33 11)) 8) (((((47 29 27) 5 (19 (25 31 26)) 30) 6) (16 ((35 2 41) 39) 14) 22) 9) 46)) 15 4 7 43) (49 10) (37 (34 24 (21 48)) 18))*
(3 1 12 38 ((34 24 (21 48)) 37 18) 17 (49 10) (4 7 43 ((32 45) 28 (((36 ((40 42 23 20) 44 13 33 11)) 8) (((6 19 (((25 31 26) 30 (47 29 27)) 5)) (14 ((35 2 41) 39) 16) 22) 9) 46))) 15)*
(17 1 3 15 38 12 (37 18) ((9 22) (48 24 21) 7 4 43 (((45 32) 28) ((36 (40 (11 33) 13 42 23 20 44)) 8) (((19 6 (((47 29 27) 30 (25 26 31)) 5)) (14 (39 (35 41 2)) 16)) 34) 46)) (49 10))*
(43 1 7 (48 24 21) (((45 32) 28) ((36 (40 (11 33) 13 42 23 20 44)) 8) (((19 6 (((47 29 27) 30 (25 26 31)) 5)) (14 (39 (35 41 2)) 16)) 34) 46) (9 22) ((49 10) (37 18) 12 38 15 3 17) 4)*
((49 10) 1 (((45 32) 28) ((36 (40 (11 33) 13 42 23 20 44)) 8) (((19 6 (((47 29 27) 30 (25 26 31)) 5)) (14 (39 (35 41 2)) 16)) 34) 46) (9 22) (48 24 21) 7 4 43 (37 18) 12 38 15 3 17)*
(17 1 3 15 38 12 (37 18) ((43 4 (48 24 21) 7) (((45 32) 28) ((36 (40 (11 33) 13 42 23 20 44)) 8) (((19 6 (((47 29 27) 30 (25 26 31)) 5)) (14 (39 (35 41 2)) 16)) 34) 46) (9 22)) (49 10))*
(17 1 3 15 38 12 (37 18) ((9 22) (48 24 21) 7 4 43 (((45 32) 28) ((36 (40 (11 33) 13 42 23 20 44)) 8) (((19 6 5 ((47 29 27) 30 (25 26 31))) (14 (39 (35 41 2)) 16)) 34) 46)) (49 10))*
(17 1 3 15 38 (37 18) ((22 9) (48 24 21) 7 12 43 4 (((45 32) 28) (((19 6 (((47 29 27) 30 (25 26 31)) 5)) (14 (39 (35 41 2)) 16)) 34) ((36 (40 13 42 23 20 44 (33 11))) 8) 46)) (49 10))*
(17 1 3 15 38 12 (37 18) ((22 9) (48 24 21) 7 4 43 (((45 32) 28) (((19 6 (((47 29 27) 30 (25 26 31)) 5)) (14 (39 (35 41 2)) 16)) 34) ((36 (40 (11 13 33) 42 23 20 44)) 8) 46)) (49 10))*
(17 1 3 15 38 12 (37 18) ((22 9) (48 24 21) 7 4 43 (((45 32) 28) (((19 6 (((47 29 27) 30 (25 26 31)) 5)) (14 (39 (35 41 2)) 16)) 34) ((36 (40 13 11 33 42 23 20 44)) 8) 46)) (49 10))*
(17 1 3 38 12 (37 18) ((22 9) (48 24 21) 7 15 43 4 (((45 32) 28) (((19 6 (((47 29 27) 30 (25 26 31)) 5)) (16 (39 (35 41 2)) 14)) 34) ((36 (40 (33 11) 13 42 23 20 44)) 8) 46)) (49 10))*
((37 18) 1 17 3 15 38 12 (43 (((45 32) 28) ((((((47 29 27) 30 (25 26 31)) 19 5) 6) (14 (39 (35 41 2)) 16)) 34) ((36 (40 (33 11) 13 42 23 20 44)) 8) 46) (22 9) (48 24 21) 7 4) (49 10))*
(43 1 12 7 4 ((46 (45 (32 ((18 37) 27 29 47) ((49 10) 3 17 38 15))) (((42 23 40 (13 11 33) 20 44) 36) 8) (((14 16) (6 (((25 26 31) 30) 5) 19) (22 ((41 2 35) 39) (24 34))) 9)) 28) (48 21))*
((49 10) 1 38 17 3 (32 ((18 37) 27 29 47) (45 ((((48 21) 4 7 12 43) 28) (((42 23 40 (13 11 33) 20 44) 36) 8) (((14 16) (6 (((25 26 31) 30) 5) 19) (22 ((41 2 35) 39) (24 34))) 9) 46))) 15)*
(43 1 12 7 4 (48 21) (28 (46 (45 (((49 10) 3 17 38 15) ((18 37) 27 29 47) 32)) (((42 23 40 (13 11 33) 20 44) 36) 8) (((14 16) (19 6 5 ((25 26 31) 30)) (22 ((41 2 35) 39) (24 34))) 9))))*
(43 1 12 7 4 (48 21) (28 (46 (45 (((49 10) 3 17 38 15) ((18 37) 27 29 47) 32)) (((42 23 40 20 11 33 13 44) 36) 8) (((14 16) (19 (((25 26 31) 30) 5) 6) (22 ((41 2 35) 39) (24 34))) 9))))*
(43 1 7 4 (48 21) (28 (46 (45 ((15 3 17 38 12 (49 10)) ((18 37) 27 29 47) 32)) (((42 23 40 20 (13 11 33) 44) 36) 8) (((14 16) (19 (((25 26 31) 30) 5) 6) (22 ((41 2 35) 39) (24 34))) 9))))*
(43 1 12 7 4 (48 21) (28 (46 (45 (32 ((18 37) 27 29 47) ((49 10) 3 17 38 15))) (((42 23 40 13 20 (33 11) 44) 36) 8) (((14 16) (19 (((25 26 31) 30) 5) 6) (22 ((41 2 35) 39) (24 34))) 9))))*
(1 15 43 12 7 4 (48 21) (28 (46 (45 (32 ((18 37) 27 29 47) ((49 10) 3 17 38))) (((42 23 40 20 (33 11 13) 44) 36) 8) (((16 14) (19 (((25 26 31) 30) 5) 6) (22 ((41 2 35) 39) (24 34))) 9))))*
(1 12 7 4 (48 21) (28 (46 (45 (32 ((37 18) 27 29 47) ((49 10) 3 17 38 15))) (((42 23 40 20 (33 11 13) 44) 36) 8) (((14 16) (6 (30 5 ((25 26 31) 19))) (22 ((41 2 35) 39) (24 34))) 9))) 43)*
(1 12 7 4 (48 21) (28 (46 (45 (32 ((37 18) 27 29 47) ((49 10) 3 17 38 15))) (((42 23 40 20 (33 11 13) 44) 36) 8) (((14 16) (6 (5 19 (30 (25 26 31)))) (22 ((41 2 35) 39) (24 34))) 9))) 43)*
(1 12 7 4 ((46 (45 32 (47 (37 18) 27 29) ((49 10) 3 17 38 15)) ((((33 11 13) 44 42 23 40 20) 36) 8) (((14 16) (6 ((30 (25 26 31)) 5) 19) ((34 24) 22 ((41 2 35) 39))) 9)) 28) (48 21) 43)*
(1 (10 49) 15 17 3 38 (32 (29 47 27 (37 (24 34) 18)) (45 ((8 (36 (44 33 13 (23 20 42 40) 11))) 46 (28 (4 (21 48) 43 7)) ((((39 (2 41 35)) 16 14) ((((31 26 25) 19) 30 5) 6)) (9 22))))) 12)*
(1 43 (21 48) (28 ((8 (36 (44 33 13 (23 20 42 40) 11))) ((((39 (2 41 35)) 16 14) ((((31 26 25) 19) 30 5) 6)) (9 22)) 46 (45 (32 (29 47 27 (37 (24 34) 18)) (12 38 3 17 15 (10 49)))))) 7 4)*
((10 49) 1 15 17 3 38 (32 (29 47 27 (37 (24 34) 18)) (45 (((36 (44 33 13 (23 20 42 40) 11)) 8) 46 (28 (4 (21 48) 43 7)) ((((30 ((31 26 25) 19) 5) 6) 22 ((39 (35 41 2)) 16 14)) 9)))) 12)*
((49 10) 1 15 17 3 38 (32 (29 47 27 (37 (24 34) 18)) (45 (((36 (23 33 11 44 13 20 42 40)) 8) 46 (28 (4 (21 48) 43 7)) ((((30 ((31 26 25) 19) 5) 6) ((39 (35 41 2)) 16 14)) (22 9))))) 12)*
((49 10) 1 15 17 3 38 (32 (29 47 27 (37 (24 34) 18)) (45 (((36 (44 33 13 11 (23 20 42 40))) 8) 46 (28 (7 (21 48) 43 12 4)) ((((30 ((31 26 25) 19) 5) 6) ((39 (35 41 2)) 16 14)) (22 9))))))*
((49 10) 1 15 17 12 3 38 (32 (29 47 27 (37 (24 34) 18)) (45 (((36 ((23 20 13 40 42) 33 44 11)) 8) 46 (28 (4 (21 48) 43 7)) ((((30 ((31 26 25) 19) 5) 6) ((39 (35 41 2)) 16 14)) (22 9))))))*
((49 10) 1 17 12 3 38 (32 (29 47 27 (37 (24 34) 18)) (45 (((36 ((23 20 42 40) 33 44 13 11)) 8) 46 (28 (7 (21 48) 43 15 4)) ((((30 ((31 26 25) 19) 5) 6) (16 (39 (35 41 2)) 14)) (22 9))))))*
((49 10) 1 15 17 12 3 38 (32 (29 47 27 ((34 22 24) 37 18)) (45 (((36 ((23 20 42 40) 33 44 13 11)) 8) 46 (28 ((48 21) 43 7 4)) ((((((31 26 25) 19) 5 30) 6) (14 (39 (35 41 2)) 16)) 9)))))*
((49 10) 1 15 17 12 3 38 (32 (29 47 27 (18 37 (24 34))) (45 (((36 ((23 20 42 40) 33 44 13 11)) 8) 46 (28 ((48 21) 43 7 4)) ((((((31 26 25) 19) 5 30) 6) (14 ((35 41 2) 22 39) 16)) 9)))))*
((49 10) 1 15 17 12 3 38 (32 (29 47 27 (18 37 (24 34))) (45 (((36 ((23 20 42 40) 33 44 13 11)) 8) 46 (28 ((48 21) 43 7 4)) ((((((31 26 25) 19) 5 30) 6) (39 22 (35 41 2)) 16 14) 9)))));
